#NSGA2
popsize 10
maxGen 10
numVar 9
numObj 1
numCons 0
stateFieldNames	currentGen	evaluateCount	totalTime	firstFrontCount	frontCount	avgEvalTime	
#end


#Generation 1 / 10
currentGen	1
evaluateCount	10
totalTime	41.7446
firstFrontCount	1
frontCount	10
avgEvalTime	41.6736
#end
Var1	Var2	Var3	Var4	Var5	Var6	Var7	Var8	Var9	Obj1	
0.770307	0.824634	0.192859	14133.8	1.76472	2.92621	2264.06	1320.32	77.8753	236.815	
0.875422	0.22609	0.87618	14571.7	1.47075	24.0084	1178	1132.64	75.7868	447.903	
0.754545	0.867594	0.62115	5357.12	2.19826	28.0198	5445.94	1636.61	67.1566	515.443	
0.474559	0.624382	0.228661	12060.5	0.563666	8.30769	417.063	645.698	71.1729	73.5631	
0.68638	0.35368	0.85968	5344.46	1.37749	11.4468	6135.86	1692.8	39.3436	295.476	
0.542835	0.456469	0.613514	12093.6	2.00937	8.28075	5453.64	1482.65	38.1306	341.641	
0.283298	0.498691	0.867393	8403.86	1.67054	6.71436	6022.57	882.643	55.2979	265.965	
0.689354	0.812723	0.867026	10472.2	0.777249	4.47882	2097.19	1761.08	42.7141	76.1267	
0.769999	0.29482	0.842704	8499.84	0.893191	7.53252	4947.56	1209.93	47.583	191.476	
0.78158	0.568211	0.535276	14171.9	1.07168	22.716	6042.15	1070.67	58.3911	371.206	



#Generation 2 / 10
currentGen	2
evaluateCount	20
totalTime	54.0662
firstFrontCount	1
frontCount	10
avgEvalTime	12.2345
#end
Var1	Var2	Var3	Var4	Var5	Var6	Var7	Var8	Var9	Obj1	
0.689354	0.736289	0.867026	13148.4	0.5	4.47882	3863.72	1401.96	42.7141	42.748	
0.474559	0.9	0.515943	12060.5	0.563666	6.81395	417.063	645.698	71.1729	50.5001	
0.284771	0.501395	0.867393	8403.86	0.5	7.2304	6022.57	882.643	55.2979	61.1642	
0.474559	0.624382	0.228661	12060.5	0.563666	8.30769	417.063	645.698	71.1729	73.5631	
0.689354	0.812723	0.867026	10472.2	0.777249	4.47882	2097.19	1761.08	42.7141	76.1267	
0.689354	0.78092	0.579745	10472.2	0.777249	5.97256	2097.19	1761.08	80	108.579	
0.689354	0.813358	0.867026	10472.2	1.15985	4.47882	50	809.964	49.7425	130.326	
0.68638	0.35368	0.85968	5344.46	0.5	11.4468	6111.81	1567.81	30	145.818	
0.770307	0.823998	0.192859	14133.8	1.38212	2.92621	2264.06	1320.32	70.8469	161.8	
0.769999	0.29482	0.842704	8499.84	0.893191	7.53252	4947.56	1209.93	47.583	191.476	



#Generation 3 / 10
currentGen	3
evaluateCount	30
totalTime	64.7856
firstFrontCount	1
frontCount	10
avgEvalTime	10.6995
#end
Var1	Var2	Var3	Var4	Var5	Var6	Var7	Var8	Var9	Obj1	
0.474559	0.9	0.515943	9755.5	0.5	6.50354	643.14	645.698	73.5909	41.8755	
0.689354	0.736289	0.867026	13148.4	0.5	4.47882	3863.72	1401.96	42.7141	42.748	
0.689354	0.736289	0.867026	13148.4	0.5	4.47882	3585.43	1401.96	42.7141	43.2757	
0.474559	0.9	0.515943	12060.5	0.563666	6.81395	417.063	645.698	71.1729	50.5001	
0.63234	0.812723	0.867026	10472.2	0.777249	0	50	1579.75	42.7141	50.8548	
0.216223	0.9	0.515943	12183.5	0.563666	6.81395	417.063	755.522	71.1729	55.3863	
0.284771	0.501395	0.867393	8403.86	0.5	7.2304	6022.57	882.643	55.2979	61.1642	
0.689354	0.767125	0.867026	10472.2	0.777249	4.47882	2097.19	1761.08	30	68.9963	
0.474559	0.624382	0.228661	12060.5	0.563666	8.30769	417.063	645.698	71.1729	73.5631	
0.689354	0.812723	0.867026	10472.2	0.777249	4.47882	2097.19	1761.08	42.7141	76.1267	



#Generation 4 / 10
currentGen	4
evaluateCount	40
totalTime	81.6141
firstFrontCount	1
frontCount	10
avgEvalTime	16.8059
#end
Var1	Var2	Var3	Var4	Var5	Var6	Var7	Var8	Var9	Obj1	
0.284771	0.698488	0.867301	8403.86	0.5	7.2304	6022.57	500	55.2979	39.7232	
0.474559	0.9	0.9	9755.5	0.503556	6.52469	643.14	645.698	64.6816	40.3767	
0.474559	0.9	0.515943	9755.5	0.5	6.50354	643.14	645.698	73.5909	41.8755	
0.689354	0.736289	0.867026	13148.4	0.5	4.47882	3863.72	1401.96	42.7141	42.748	
0.689354	0.736289	0.867026	13148.4	0.5	4.47882	3585.43	1401.96	42.7141	43.2757	
0.689354	0.736289	0.867026	12938.1	0.5	4.47882	3863.72	1401.96	42.7141	43.613	
0.474559	0.9	0.515943	12060.5	0.563666	6.81395	417.063	645.698	71.1729	50.5001	
0.63234	0.812723	0.867026	10472.2	0.777249	0	50	1579.75	42.7141	50.8548	
0.216223	0.9	0.515943	12183.5	0.563666	6.81395	417.063	755.522	71.1729	55.3863	
0.2	0.9	0.515943	12183.5	0.56011	6.79279	417.063	983.991	71.1729	59.8963	



