#NSGA2
popsize 10
maxGen 10
numVar 9
numObj 1
numCons 0
stateFieldNames	currentGen	evaluateCount	totalTime	firstFrontCount	frontCount	avgEvalTime	
#end


#Generation 1 / 10
currentGen	1
evaluateCount	10
totalTime	95.7921
firstFrontCount	1
frontCount	10
avgEvalTime	95.7749
#end
Var1	Var2	Var3	Var4	Var5	Var6	Var7	Var8	Var9	Obj1	
0.755338	0.488854	0.368295	12412.3	0.729222	10.9279	6694.26	1948.32	50.6968	124.415	
0.573092	0.125475	0.0943668	12082.6	0.850056	19.8021	5915.54	840.37	45.8706	269.522	
0.401921	0.426655	0.16224	8603.06	2.14514	4.28892	1189.34	1688.91	70.9055	244.026	
0.80137	0.633616	0.754706	12754.4	0.993796	14.4103	4348.97	993.441	47.3903	209.86	
0.625411	0.830263	0.208044	11350.9	2.25237	16.1773	6064.3	1220.49	57.5212	354.708	
0.427851	0.13923	0.718085	12163	2.07939	25.3946	7774.03	895.288	30.8947	355.346	
0.267962	0.406737	0.105315	12497.6	1.27109	15.0155	7237.58	1172.28	46.0254	253.133	
0.249692	0.83782	0.725299	7119.11	1.90827	6.41304	5579.87	521.208	71.5821	244.975	
0.772053	0.767989	0.700938	12989.4	1.28309	26.5278	6836.49	1375.31	45.3214	347.001	
0.594853	0.668982	0.414853	6873.9	1.59107	27.7343	4525.07	1948.59	41.6324	370.943	



#Generation 2 / 10
currentGen	2
evaluateCount	20
totalTime	188.686
firstFrontCount	1
frontCount	9
avgEvalTime	92.8607
#end
Var1	Var2	Var3	Var4	Var5	Var6	Var7	Var8	Var9	Obj1	
0.755338	0.488854	0.368295	12412.3	0.729222	10.9279	6694.26	1948.32	50.6968	124.415	
0.246283	0.488854	0.368295	7549.92	0.729222	10.9279	6694.26	1948.32	50.6968	126.729	
0.755338	0.488854	0.368295	12412.3	0.729222	11.6837	5664.27	2000	50.6968	135.216	
0.755338	0.324	0.493483	15000	0.8403	10.9279	6694.26	1948.32	50.0486	162.439	
0.755338	0.488854	0.368295	12412.3	1.1571	10.9279	6694.26	1948.32	50.6968	188.188	
0.80137	0.633616	0.182061	12754.4	0.993796	13.6546	5378.96	993.441	47.3903	199.682	
0.80137	0.633616	0.754706	12754.4	0.993796	14.4103	4348.97	993.441	47.3903	209.86	
0.80137	0.633616	0.754706	12754.4	0.993796	14.4103	4348.97	993.441	47.3903	209.86	
0.80137	0.633616	0.754706	12871.1	0.993796	14.4103	4348.97	993.441	47.3903	209.868	
0.401921	0.426655	0.16224	8603.06	2.14514	4.28892	1189.34	1688.91	70.9055	244.026	



#Generation 3 / 10
currentGen	3
evaluateCount	30
totalTime	243.422
firstFrontCount	1
frontCount	10
avgEvalTime	54.7213
#end
Var1	Var2	Var3	Var4	Var5	Var6	Var7	Var8	Var9	Obj1	
0.377981	0.488854	0.368295	7549.92	0.537181	10.9279	6694.26	1948.32	50.6968	95.475	
0.806987	0.488854	0.368295	7713.26	0.729222	10.9279	8000	2000	49.712	123.264	
0.755338	0.488854	0.368295	12412.3	0.729222	10.9279	6694.26	1948.32	50.6968	124.415	
0.755338	0.488854	0.368295	12412.3	0.729222	10.9279	6694.26	1948.32	59.8981	124.857	
0.246283	0.488854	0.598734	7549.92	0.729222	10.9279	6694.26	1030.15	50.6968	126.505	
0.246283	0.488854	0.368295	7549.92	0.729222	10.9279	6694.26	1948.32	50.6968	126.729	
0.552741	0.488854	0.09	12412.3	0.729222	11.6837	6010.88	2000	50.6968	133.3	
0.755338	0.488854	0.368295	12412.3	0.729222	11.6837	5664.27	2000	50.6968	135.216	
0.755338	0.324	0.493483	15000	0.8403	10.9279	6694.26	1948.32	50.0486	162.439	
0.755338	0.488854	0.368295	12412.3	1.1571	10.9279	6694.26	1948.32	50.6968	188.188	



#Generation 4 / 10
currentGen	4
evaluateCount	40
totalTime	337.174
firstFrontCount	1
frontCount	10
avgEvalTime	93.7384
#end
Var1	Var2	Var3	Var4	Var5	Var6	Var7	Var8	Var9	Obj1	
0.246283	0.488854	0.748645	7549.92	0.997274	0	8000	1030.15	30	25.0924	
0.377981	0.488854	0.368295	7549.92	0.537181	10.9279	6694.26	1948.32	50.6968	95.475	
0.377981	0.488854	0.368295	7549.92	0.611984	10.9279	8000	1948.32	30	105.715	
0.377981	0.301419	0.368295	9376.86	0.579201	8.53651	6694.26	1948.32	50.6968	105.787	
0.755338	0.488854	0.368295	12412.3	0.654419	10.9279	6694.26	1948.32	50.6968	112.673	
0.755338	0.488854	0.368295	10585.4	0.687202	10.9279	6694.26	1948.32	50.6968	117.411	
0.465269	0.488854	0.598734	7549.92	0.729222	10.9279	6694.26	1030.15	50.6968	123.17	
0.806987	0.488854	0.368295	7713.26	0.729222	10.9279	8000	2000	49.712	123.264	
0.755338	0.488854	0.368295	12412.3	0.729222	10.9279	6694.26	1948.32	50.6968	124.415	
0.755338	0.488854	0.368295	12412.3	0.729222	10.9279	6694.26	1948.32	59.8981	124.857	



#Generation 5 / 10
currentGen	5
evaluateCount	50
totalTime	398.012
firstFrontCount	1
frontCount	10
avgEvalTime	60.8277
#end
Var1	Var2	Var3	Var4	Var5	Var6	Var7	Var8	Var9	Obj1	
0.246283	0.488854	0.748645	7549.92	0.997274	0	8000	1030.15	30	25.0924	
0.413088	0.488854	0.700225	7549.92	0.997274	0	718.413	1030.15	30	29.867	
0.377981	0.301419	0.368295	9376.86	0.579201	6.14062	7125.02	1948.32	50.6968	76.6011	
0.377981	0.488854	0.368295	7549.92	0.537181	10.9279	6694.26	1948.32	50.6968	95.475	
0.377981	0.488854	0.368295	7549.92	0.611984	10.9279	8000	1948.32	30	105.715	
0.377981	0.301419	0.368295	9376.86	0.579201	8.53651	6694.26	1948.32	50.6968	105.787	
0.492144	0.488854	0.368295	9346.41	0.611984	10.9279	6454.09	2000	30	106.284	
0.755338	0.488854	0.368295	12412.3	0.654419	10.9279	6694.26	1948.32	50.6968	112.673	
0.755338	0.488854	0.416715	12412.3	0.654419	10.9279	6694.26	1948.32	50.6968	113.048	
0.779302	0.488854	0.368295	12412.3	0.660306	10.9279	6694.26	1966.77	50.2423	113.567	



#Generation 6 / 10
currentGen	6
evaluateCount	60
totalTime	494.13
firstFrontCount	1
frontCount	10
avgEvalTime	96.1001
#end
Var1	Var2	Var3	Var4	Var5	Var6	Var7	Var8	Var9	Obj1	
0.246283	0.775517	0.748645	7827.27	0.997274	0	8000	1030.15	30	22.2661	
0.271649	0.488854	0.748645	7549.92	0.997274	0	7892.68	1030.15	30	24.7614	
0.246283	0.488854	0.748645	7549.92	0.997274	0	8000	1030.15	30	25.0924	
0.413088	0.488854	0.700225	7549.92	0.997274	0	718.413	1030.15	30	29.867	
0.25542	0.407021	0.387955	6284.87	0.997274	0	718.413	1030.15	30	32.187	
0.377981	0.41711	0.368295	7549.92	0.611984	7.13653	3872.17	1948.32	38.3116	64.0111	
0.377981	0.301419	0.368295	9376.86	0.579201	6.14062	7125.02	1948.32	50.6968	76.6011	
0.427919	0.301419	0.09	9376.86	0.698469	8.53651	6694.26	1948.32	50.6968	93.3187	
0.377981	0.488854	0.368295	7549.92	0.537181	10.9279	6694.26	1948.32	50.6968	95.475	
0.377981	0.488854	0.518666	7549.92	0.537181	10.9279	6694.26	1948.32	50.6968	97.147	



#Generation 7 / 10
currentGen	7
evaluateCount	70
totalTime	581.235
firstFrontCount	1
frontCount	10
avgEvalTime	87.0862
#end
Var1	Var2	Var3	Var4	Var5	Var6	Var7	Var8	Var9	Obj1	
0.246283	0.775517	0.748645	7827.27	0.997274	0	8000	1030.15	30	22.2661	
0.400394	0.9	0.700225	8004.51	0.997274	0	718.413	1030.15	30	22.2834	
0.271649	0.488854	0.748645	7549.92	0.997274	0	7892.68	1030.15	30	24.7614	
0.246283	0.488854	0.748645	7549.92	0.997274	0	8000	1030.15	30	25.0924	
0.246843	0.488854	0.9	7549.92	0.997274	0	8000	1030.15	30	26.3332	
0.344747	0.488854	0.748645	10177	0.997274	0	5140.36	1030.15	30	26.5092	
0.413088	0.488854	0.700225	7549.92	0.997274	0	718.413	1030.15	30	29.867	
0.413088	0.488854	0.732873	7549.92	0.997274	0	718.413	1030.15	30	30.5202	
0.25542	0.407021	0.387955	6284.87	0.997274	0	718.413	1030.15	30	32.187	
0.246283	0.488854	0.748645	8169.64	0.997274	1.29928	8000	1030.15	30	37.0813	



#Generation 8 / 10
currentGen	8
evaluateCount	80
totalTime	668.354
firstFrontCount	1
frontCount	9
avgEvalTime	87.1054
#end
Var1	Var2	Var3	Var4	Var5	Var6	Var7	Var8	Var9	Obj1	
0.246283	0.775517	0.748645	7827.27	0.997274	0	8000	1030.15	30	22.2661	
0.400394	0.9	0.700225	8004.51	0.997274	0	718.413	1030.15	30	22.2834	
0.400394	0.9	0.700225	8004.51	0.997274	0	718.413	1030.15	30	22.2834	
0.271649	0.488854	0.748645	7549.92	0.997274	0	7892.68	1030.15	30	24.7614	
0.271649	0.488854	0.441634	5000	0.997274	0	7892.68	1312.28	30	25.091	
0.246283	0.488854	0.748645	7549.92	0.997274	0	8000	1030.15	30	25.0924	
0.441561	0.407021	0.387955	6284.87	0.997274	0	2920.42	1030.15	30	25.2845	
0.246283	0.775517	0.674087	10268	0.997274	0	8000	1030.15	55.1737	25.3828	
0.246843	0.488854	0.9	7549.92	0.997274	0	8000	1030.15	30	26.3332	
0.246843	0.488854	0.9	7549.92	0.997274	0	8000	517.769	30	26.4459	



#Generation 9 / 10
currentGen	9
evaluateCount	90
totalTime	724.405
firstFrontCount	1
frontCount	9
avgEvalTime	56.0345
#end
Var1	Var2	Var3	Var4	Var5	Var6	Var7	Var8	Var9	Obj1	
0.246283	0.775517	0.748645	7827.27	0.997274	0	8000	1030.15	30	22.2661	
0.400394	0.9	0.700225	8004.51	0.997274	0	718.413	1030.15	30	22.2834	
0.400394	0.9	0.700225	8004.51	0.997274	0	718.413	1030.15	30	22.2834	
0.445612	0.488854	0.441634	11609.5	0.997274	0	7411.53	500	30	24.6042	
0.271649	0.488854	0.748645	7549.92	0.997274	0	8000	1030.15	30	24.7425	
0.271649	0.488854	0.748645	7549.92	0.997274	0	7892.68	1030.15	30	24.7614	
0.271649	0.488854	0.441634	5000	0.997274	0	7892.68	1312.28	30	25.091	
0.246283	0.488854	0.748645	7549.92	0.997274	0	8000	1030.15	30	25.0924	
0.441561	0.407021	0.387955	6284.87	0.997274	0	2920.42	1030.15	30	25.2845	
0.246283	0.775517	0.674087	10268	0.997274	0	8000	1030.15	55.1737	25.3828	



#Generation 10 / 10
currentGen	10
evaluateCount	100
totalTime	774.873
firstFrontCount	1
frontCount	9
avgEvalTime	50.4469
#end
Var1	Var2	Var3	Var4	Var5	Var6	Var7	Var8	Var9	Obj1	
0.400394	0.807489	0.9	5000	0.997274	0	718.413	1030.15	30	22.2618	
0.246283	0.775517	0.748645	7827.27	0.997274	0	8000	1030.15	30	22.2661	
0.400394	0.9	0.700225	8004.51	0.997274	0	718.413	1030.15	30	22.2834	
0.400394	0.9	0.700225	8004.51	0.997274	0	718.413	1030.15	30	22.2834	
0.400394	0.9	0.700225	8004.51	0.997274	0	1046.33	1030.15	30	22.2864	
0.258466	0.9	0.748645	7827.27	0.997274	0	2935.05	1030.15	30	22.2907	
0.246283	0.9	0.748645	7827.27	0.997274	0	8000	1030.15	30	22.2938	
0.58491	0.9	0.250521	8004.51	0.997274	0	718.413	1030.15	38.208	23.2489	
0.445612	0.488854	0.441634	11609.5	0.997274	0	7411.53	500	30	24.6042	
0.271649	0.488854	0.748645	7549.92	0.997274	0	8000	1030.15	30	24.7425	



