#NSGA2
popsize 10
maxGen 10
numVar 9
numObj 1
numCons 0
stateFieldNames	currentGen	evaluateCount	totalTime	firstFrontCount	frontCount	avgEvalTime	
#end


#Generation 1 / 10
currentGen	1
evaluateCount	10
totalTime	22.0533
firstFrontCount	1
frontCount	10
avgEvalTime	22.0404
#end
Var1	Var2	Var3	Var4	Var5	Var6	Var7	Var8	Var9	Obj1	
0.743283	0.735467	0.123099	13268.5	0.625226	1.84946	2622.33	1246.81	30.0918	1328.26	
0.736334	0.440345	0.149374	9421.51	0.749016	29.0524	3570.28	1240.37	55.796	104.62	
0.255141	0.608481	0.126972	13076.7	2.17921	23.0605	691.242	1081.99	57.1509	178.987	
0.425484	0.295507	0.0913396	10023.8	2.40191	10.1515	2242.55	1370.2	63.0614	114.953	
0.52598	0.814182	0.105573	13081.7	1.5619	1.38619	2873.68	1298.32	35.2671	76.5602	
0.527262	0.645836	0.136799	13965.8	1.35614	15.1293	2719.78	1726.7	50.6481	58.0269	
0.449421	0.357239	0.117746	12984.3	1.792	10.3166	2562.84	1846.69	38.8971	68.501	
0.407587	0.136648	0.137999	13776.6	1.29142	9.59802	3971.6	1550.91	30.7289	106.543	
0.801424	0.575047	0.141682	13662.3	0.709805	11.8259	3915.95	1510.49	49.6735	44.0914	
0.588687	0.880349	0.116873	14184.5	0.785854	2.87032	1717.05	1072.75	57.222	671.217	



#Generation 2 / 10
currentGen	2
evaluateCount	20
totalTime	43.0859
firstFrontCount	1
frontCount	10
avgEvalTime	20.9956
#end
Var1	Var2	Var3	Var4	Var5	Var6	Var7	Var8	Var9	Obj1	
0.527262	0.645836	0.134102	9629.04	1.35614	8.09571	4000	1726.7	50.6481	23.7194	
0.527262	0.506055	0.129631	13965.8	1.35614	12.5315	3592.49	1726.7	50.6481	41.8756	
0.801424	0.575047	0.141682	13662.3	0.709805	11.8259	3915.95	1510.49	49.6735	44.0914	
0.449421	0.357239	0.14119	12984.3	1.792	7.25051	3502.6	1846.69	42.2437	46.3142	
0.527262	0.645836	0.136799	13965.8	1.35614	15.1293	2719.78	1726.7	50.6481	58.0269	
0.527262	0.645836	0.136799	11359.2	1.35614	15.1293	2719.78	1726.7	50.6481	60.0712	
0.467751	0.475623	0.136799	13965.8	1.35614	15.1293	2719.78	1726.7	51.2691	61.1815	
0.449421	0.497019	0.124915	12868.2	1.792	10.9508	4000	1846.69	38.8971	66.138	
0.449421	0.357239	0.117746	12984.3	1.792	10.3166	2562.84	1846.69	38.8971	68.501	
0.52598	0.814182	0.105573	13081.7	1.5619	1.38619	2873.68	1298.32	35.2671	76.5602	



#Generation 3 / 10
currentGen	3
evaluateCount	30
totalTime	66.0501
firstFrontCount	1
frontCount	10
avgEvalTime	22.9477
#end
Var1	Var2	Var3	Var4	Var5	Var6	Var7	Var8	Var9	Obj1	
0.527262	0.645836	0.134102	9629.04	1.35614	8.09571	4000	1726.7	50.6481	23.7194	
0.2	0.645836	0.134102	9000	1.35614	8.09571	4000	1676.86	50.6481	24.2298	
0.801424	0.575047	0.141682	13662.3	1.1075	11.8259	3915.95	1510.49	49.6735	24.6039	
0.527262	0.645836	0.134102	9629.04	1.35614	8.09571	4000	1726.7	30	26.0418	
0.527262	0.506055	0.129631	13965.8	1.35614	12.5315	3592.49	1726.7	50.6481	41.8756	
0.801424	0.575047	0.139695	13662.3	0.709805	11.8259	3915.95	1544.81	58.6012	43.5136	
0.801424	0.575047	0.141682	13662.3	0.709805	11.8259	3915.95	1510.49	49.6735	44.0914	
0.449421	0.357239	0.14119	12984.3	1.792	7.25051	3502.6	1846.69	42.2437	46.3142	
0.527262	0.506055	0.129631	13500.5	1.49178	12.5315	3592.49	1726.7	50.6481	50.9812	
0.9	0.575047	0.140265	13662.3	0.709805	11.8259	3915.95	1291.53	49.6735	55.8016	



#Generation 4 / 10
currentGen	4
evaluateCount	40
totalTime	91.8152
firstFrontCount	1
frontCount	8
avgEvalTime	25.7454
#end
Var1	Var2	Var3	Var4	Var5	Var6	Var7	Var8	Var9	Obj1	
0.527262	0.645836	0.134102	11152.4	1.35614	8.09571	3811.59	1726.7	50.6481	23.5336	
0.527262	0.645836	0.134102	9629.04	1.35614	8.09571	4000	1726.7	50.6481	23.7194	
0.2	0.645836	0.134102	9000	1.35614	8.09571	4000	1676.86	50.6481	24.2298	
0.2	0.645836	0.134102	9000	1.35614	8.09571	4000	1676.86	50.6481	24.2298	
0.801424	0.575047	0.141682	13662.3	1.1075	11.8259	3915.95	1510.49	49.6735	24.6039	
0.801424	0.575047	0.141682	12138.9	1.1075	11.8259	3915.95	1510.49	49.6735	24.8941	
0.423569	0.575047	0.15	13662.3	1.1075	11.8259	3915.95	1666.15	49.6735	25.4641	
0.527262	0.645836	0.134102	9629.04	1.35614	8.09571	4000	1726.7	30	26.0418	
0.527262	0.645836	0.134102	9629.04	1.35614	8.09571	4000	1726.7	30	26.0418	
0.527262	0.645836	0.134102	9315.98	1.35614	8.09571	4000	1726.7	30	26.7794	



#Generation 5 / 10
currentGen	5
evaluateCount	50
totalTime	119.693
firstFrontCount	1
frontCount	9
avgEvalTime	27.8615
#end
Var1	Var2	Var3	Var4	Var5	Var6	Var7	Var8	Var9	Obj1	
0.2	0.645836	0.103263	9944.2	1.35614	8.09571	3934.67	1676.86	50.6481	23.3457	
0.2	0.645836	0.134102	10030.2	1.35614	8.09571	4000	1676.86	50.6481	23.4216	
0.527262	0.645836	0.134102	11152.4	1.35614	8.09571	3811.59	1726.7	50.6481	23.5336	
0.527262	0.645836	0.134102	9629.04	1.35614	8.09571	4000	1726.7	50.6481	23.7194	
0.460924	0.704362	0.134102	10042.1	1.35614	8.09571	3811.59	1726.7	50.6481	23.9422	
0.2	0.645836	0.134102	9000	1.35614	8.09571	4000	1676.86	50.6481	24.2298	
0.2	0.645836	0.134102	9000	1.35614	8.09571	4000	1676.86	50.6481	24.2298	
0.551851	0.645836	0.134102	9629.04	1.29404	8.09571	3996.32	1726.7	50.3047	24.585	
0.801424	0.575047	0.141682	13662.3	1.1075	11.8259	3915.95	1510.49	49.6735	24.6039	
0.801424	0.575047	0.141682	12138.9	1.1075	11.8259	3915.95	1510.49	49.6735	24.8941	



#Generation 6 / 10
currentGen	6
evaluateCount	60
totalTime	144.971
firstFrontCount	1
frontCount	9
avgEvalTime	25.2574
#end
Var1	Var2	Var3	Var4	Var5	Var6	Var7	Var8	Var9	Obj1	
0.438414	0.59903	0.103263	9833.93	1.35614	8.09571	3934.67	1676.86	50.6481	23.0004	
0.2	0.645836	0.103263	9944.2	1.35614	8.09571	3934.67	1676.86	50.6481	23.3457	
0.2	0.645836	0.103263	9944.2	1.35614	8.09571	3934.67	1676.86	50.6481	23.3457	
0.2	0.645836	0.134102	10030.2	1.35614	8.09571	4000	1676.86	50.6481	23.4216	
0.527262	0.645836	0.134102	11152.4	1.35614	8.09571	3811.59	1726.7	50.6481	23.5336	
0.527262	0.645836	0.134102	9629.04	1.35614	8.09571	4000	1726.7	50.6481	23.7194	
0.527262	0.57814	0.134102	9739.3	1.35614	8.09571	3437.62	1726.7	50.6481	23.7649	
0.460924	0.704362	0.134102	10042.1	1.35614	8.09571	3811.59	1726.7	50.6481	23.9422	
0.527262	0.645836	0.15	11152.4	1.35614	8.09571	3811.59	1726.7	50.6481	24.0243	
0.2	0.645836	0.134102	9000	1.35614	8.09571	4000	1676.86	50.6481	24.2298	



#Generation 7 / 10
currentGen	7
evaluateCount	70
totalTime	167.03
firstFrontCount	1
frontCount	8
avgEvalTime	22.0355
#end
Var1	Var2	Var3	Var4	Var5	Var6	Var7	Var8	Var9	Obj1	
0.438414	0.59903	0.103263	9833.93	1.35614	8.09571	3934.67	1676.86	50.6481	23.0004	
0.2	0.645836	0.103263	9944.2	1.35614	8.09571	3934.67	1676.86	50.6481	23.3457	
0.2	0.645836	0.103263	9944.2	1.35614	8.09571	3934.67	1676.86	50.6481	23.3457	
0.2	0.645836	0.103263	9944.2	1.35614	8.09571	3934.67	1676.86	50.6481	23.3457	
0.2	0.645836	0.134102	10030.2	1.35614	8.09571	4000	1676.86	50.6481	23.4216	
0.298681	0.645836	0.103263	9944.2	1.35614	8.09571	3887.44	1676.86	50.6481	23.5086	
0.527262	0.645836	0.134102	11152.4	1.35614	8.09571	3811.59	1726.7	50.6481	23.5336	
0.235325	0.645836	0.15	9957.57	1.35614	8.09571	4000	1676.86	50.6481	23.6784	
0.527262	0.645836	0.134102	9629.04	1.35614	8.09571	4000	1726.7	50.6481	23.7194	
0.2	0.645836	0.103263	9944.2	1.35614	8.09571	3934.67	1696.42	50.6481	23.7283	



#Generation 8 / 10
currentGen	8
evaluateCount	80
totalTime	188.616
firstFrontCount	1
frontCount	8
avgEvalTime	21.5723
#end
Var1	Var2	Var3	Var4	Var5	Var6	Var7	Var8	Var9	Obj1	
0.438414	0.59903	0.103263	9833.93	1.35614	8.09571	3934.67	1676.86	50.6481	23.0004	
0.2	0.645836	0.103263	9944.2	1.35614	8.09571	3934.67	1676.86	50.6481	23.3457	
0.2	0.645836	0.103263	9944.2	1.35614	8.09571	3934.67	1676.86	50.6481	23.3457	
0.2	0.645836	0.103263	9944.2	1.35614	8.09571	3934.67	1676.86	50.6481	23.3457	
0.2	0.645836	0.134102	10030.2	1.35614	8.09571	4000	1676.86	50.6481	23.4216	
0.298681	0.645836	0.103263	9944.2	1.35614	8.09571	3887.44	1676.86	50.6481	23.5086	
0.527262	0.645836	0.134102	11152.4	1.35614	8.09571	3811.59	1726.7	50.6481	23.5336	
0.2	0.645836	0.0976886	9944.2	1.35614	8.09571	3934.67	1676.86	50.6481	23.632	
0.235325	0.645836	0.15	9957.57	1.35614	8.09571	4000	1676.86	50.6481	23.6784	
0.2	0.644048	0.103263	9944.2	1.35614	8.09571	3934.67	1676.86	50.6481	23.7123	



#Generation 9 / 10
currentGen	9
evaluateCount	90
totalTime	210.062
firstFrontCount	1
frontCount	8
avgEvalTime	21.4315
#end
Var1	Var2	Var3	Var4	Var5	Var6	Var7	Var8	Var9	Obj1	
0.438414	0.59903	0.103263	9833.93	1.35614	8.09571	3934.67	1676.86	50.6481	23.0004	
0.2	0.645836	0.103263	9944.2	1.35614	8.09571	3934.67	1676.86	50.6481	23.3457	
0.2	0.645836	0.103263	9944.2	1.35614	8.09571	3934.67	1676.86	50.6481	23.3457	
0.2	0.645836	0.103263	9944.2	1.35614	8.09571	3934.67	1676.86	50.6481	23.3457	
0.2	0.645836	0.134102	10030.2	1.35614	8.09571	4000	1676.86	50.6481	23.4216	
0.298681	0.645836	0.103263	9944.2	1.35614	8.09571	3887.44	1676.86	50.6481	23.5086	
0.235325	0.645836	0.145106	9000	1.35614	8.09571	4000	1676.86	50.6481	23.5142	
0.527262	0.645836	0.134102	11152.4	1.35614	8.09571	3811.59	1726.7	50.6481	23.5336	
0.2	0.645836	0.0976886	9944.2	1.35614	8.09571	3934.67	1676.86	50.6481	23.632	
0.235325	0.645836	0.15	9957.57	1.35614	8.09571	4000	1676.86	50.6481	23.6784	



#Generation 10 / 10
currentGen	10
evaluateCount	100
totalTime	230.835
firstFrontCount	1
frontCount	6
avgEvalTime	20.7561
#end
Var1	Var2	Var3	Var4	Var5	Var6	Var7	Var8	Var9	Obj1	
0.438414	0.59903	0.103263	9833.93	1.35614	8.09571	3934.67	1676.86	50.6481	23.0004	
0.2	0.645836	0.103263	9944.2	1.35614	8.09571	3934.67	1676.86	50.6481	23.3457	
0.2	0.645836	0.103263	9944.2	1.35614	8.09571	3934.67	1676.86	50.6481	23.3457	
0.2	0.645836	0.103263	9944.2	1.35614	8.09571	3934.67	1676.86	50.6481	23.3457	
0.2	0.645836	0.103263	9944.2	1.35614	8.09571	3934.67	1676.86	50.6481	23.3457	
0.2	0.645836	0.103263	9944.2	1.35614	8.09571	3934.67	1676.86	50.6481	23.3457	
0.2	0.645836	0.134102	10030.2	1.35614	8.09571	4000	1676.86	50.6481	23.4216	
0.438414	0.546255	0.103263	9833.93	1.35614	8.09571	3934.67	1676.86	50.6481	23.4328	
0.298681	0.412387	0.103263	9944.2	1.35614	8.09571	3887.44	1676.86	50.6481	23.4616	
0.298681	0.645836	0.103263	9944.2	1.35614	8.09571	3887.44	1676.86	50.6481	23.5086	



