#NSGA2
popsize 10
maxGen 20
numVar 8
numObj 1
numCons 0
stateFieldNames	currentGen	evaluateCount	totalTime	firstFrontCount	frontCount	avgEvalTime	
#end


#Generation 1 / 20
currentGen	1
evaluateCount	10
totalTime	5.87565
firstFrontCount	1
frontCount	10
avgEvalTime	5.86448
#end
Var1	Var2	Var3	Var4	Var5	Var6	Var7	Var8	Obj1	
0.875864	0.383565	0.114638	14779.3	2.39116	12.0898	3976.6	1883.42	136.196	
0.63468	0.629905	0.10465	5066.65	1.86036	10.7506	2823.19	1801.32	76.6885	
0.800208	0.566827	0.123108	9128.35	1.52364	6.74333	3439.14	1998.08	29.1309	
0.641814	0.877007	0.110787	13400.3	1.40939	9.72085	2435.46	1562.83	30.2809	
0.623566	0.680884	0.136972	10682.4	0.519605	13.5889	3844.66	1885.48	42.2422	
0.517064	0.402549	0.13226	11186.1	0.948554	8.42149	3346.06	1738.75	39.0968	
0.749487	0.289156	0.100627	12598	2.03384	14.4103	2215.78	1591.11	121.137	
0.539638	0.491811	0.101595	13532.1	0.698179	6.39749	3114.59	1886.25	168.905	
0.624776	0.243186	0.110337	3863.05	1.52031	14.1573	3257.85	1550.77	67.9311	
0.656342	0.143693	0.120077	6987.27	2.49512	13.3044	2971.3	1947.22	188.371	



#Generation 2 / 20
currentGen	2
evaluateCount	20
totalTime	11.8811
firstFrontCount	1
frontCount	9
avgEvalTime	5.98336
#end
Var1	Var2	Var3	Var4	Var5	Var6	Var7	Var8	Obj1	
0.641814	0.877007	0.114047	13400.3	1.15198	9.72085	2435.46	1562.83	24.43	
0.800208	0.566827	0.123108	9128.35	1.52364	6.74333	3439.14	1998.08	29.1309	
0.641814	0.877007	0.110787	13400.3	1.40939	9.72085	2435.46	1562.83	30.2809	
0.641814	0.877007	0.110787	13400.3	1.40939	9.72085	2435.46	1562.83	30.2809	
0.641814	0.9	0.110787	13400.3	1.40939	9.72085	2435.46	1562.83	30.432	
0.641814	0.752133	0.110787	13400.3	1.40939	9.72085	2435.46	1562.83	31.7363	
0.641814	0.877007	0.110787	13400.3	1.4524	9.72085	2435.46	1562.83	33.1872	
0.517064	0.402549	0.129	15000	0.948554	8.42149	3346.06	1738.75	39.0732	
0.517064	0.402549	0.13226	11186.1	0.948554	8.42149	3346.06	1738.75	39.0968	
0.623566	0.680884	0.136972	10682.4	0.519605	13.5889	3844.66	1885.48	42.2422	



#Generation 3 / 20
currentGen	3
evaluateCount	30
totalTime	17.7207
firstFrontCount	1
frontCount	9
avgEvalTime	5.82521
#end
Var1	Var2	Var3	Var4	Var5	Var6	Var7	Var8	Obj1	
0.641814	0.877007	0.114047	13400.3	1.15198	9.72085	2435.46	1562.83	24.43	
0.5	0.566827	0.123108	9128.35	1.52364	6.74333	3439.14	1998.08	26.3589	
0.641814	0.666766	0.110787	13552.9	1.40939	9.72085	2435.46	1562.83	27.0204	
0.800208	0.566827	0.123108	9128.35	1.52364	6.74333	3439.14	1998.08	29.1309	
0.641814	0.877007	0.110787	13400.3	1.40939	9.72085	2435.46	1562.83	30.2809	
0.641814	0.877007	0.110787	13400.3	1.40939	9.72085	2435.46	1562.83	30.2809	
0.641814	0.9	0.110787	13400.3	1.40939	9.72085	2435.46	1562.83	30.432	
0.650197	0.9	0.15	13400.3	1.4524	9.72085	2435.46	1562.83	31.197	
0.832686	0.877007	0.09	15000	1.40939	9.72085	2435.46	1958.37	31.3692	
0.641814	0.752133	0.110787	13400.3	1.40939	9.72085	2435.46	1562.83	31.7363	



#Generation 4 / 20
currentGen	4
evaluateCount	40
totalTime	23.4511
firstFrontCount	2
frontCount	8
avgEvalTime	5.70067
#end
Var1	Var2	Var3	Var4	Var5	Var6	Var7	Var8	Obj1	
0.641814	0.877007	0.114047	13400.3	1.15198	9.72085	2435.46	1562.83	24.43	
0.641814	0.877007	0.114047	13400.3	1.15198	9.72085	2435.46	1562.83	24.43	
0.760448	0.9	0.110787	13400.3	1.40939	9.72085	2420.73	1562.83	25.8185	
0.5	0.566827	0.123108	9128.35	1.52364	6.74333	3439.14	1998.08	26.3589	
0.641814	0.666766	0.110787	13552.9	1.40939	9.72085	2435.46	1562.83	27.0204	
0.641814	0.666766	0.110787	13552.9	1.40939	9.72085	2435.46	1562.83	27.0204	
0.641814	0.666766	0.113492	900	1.43805	8.58709	2435.46	1562.83	27.6099	
0.763945	0.877007	0.115065	13400.3	1.40939	8.92841	2575.67	1768.75	28.8408	
0.800208	0.566827	0.123108	9128.35	1.52364	6.74333	3439.14	1998.08	29.1309	
0.800208	0.566827	0.120403	9128.35	1.49498	7.87709	3032.8	1998.08	29.2096	



#Generation 5 / 20
currentGen	5
evaluateCount	50
totalTime	31.3658
firstFrontCount	2
frontCount	7
avgEvalTime	7.84676
#end
Var1	Var2	Var3	Var4	Var5	Var6	Var7	Var8	Obj1	
0.641814	0.877007	0.114047	13400.3	1.15198	9.72085	2435.46	1562.83	24.43	
0.641814	0.877007	0.114047	13400.3	1.15198	9.72085	2435.46	1562.83	24.43	
0.760448	0.9	0.110787	13400.3	1.40939	9.72085	2420.73	1562.83	25.8185	
0.5	0.566827	0.123108	9128.35	1.52364	6.74333	3439.14	1998.08	26.3589	
0.5	0.566827	0.123108	9128.35	1.52364	6.74333	3439.14	1998.08	26.3589	
0.641814	0.666766	0.110787	13552.9	1.40939	9.72085	2435.46	1562.83	27.0204	
0.641814	0.666766	0.110787	13552.9	1.40939	9.72085	2435.46	1562.83	27.0204	
0.641814	0.666766	0.113492	900	1.43805	8.58709	2435.46	1562.83	27.6099	
0.641814	0.666766	0.09	900	1.43805	6.89868	2435.46	1562.83	27.613	
0.763945	0.877007	0.115065	13400.3	1.40939	8.92841	2575.67	1768.75	28.8408	



#Generation 6 / 20
currentGen	6
evaluateCount	60
totalTime	38.4492
firstFrontCount	3
frontCount	5
avgEvalTime	7.00107
#end
Var1	Var2	Var3	Var4	Var5	Var6	Var7	Var8	Obj1	
0.641814	0.877007	0.114047	13400.3	1.15198	9.72085	2435.46	1562.83	24.43	
0.641814	0.877007	0.114047	13400.3	1.15198	9.72085	2435.46	1562.83	24.43	
0.641814	0.877007	0.114047	13400.3	1.15198	9.72085	2435.46	1562.83	24.43	
0.641814	0.877007	0.114047	15000	1.15198	9.72085	2435.46	1562.83	24.8927	
0.760448	0.9	0.110787	13400.3	1.40939	9.72085	2420.73	1562.83	25.8185	
0.5	0.566827	0.123108	9128.35	1.52364	6.74333	3439.14	1998.08	26.3589	
0.5	0.566827	0.123108	9128.35	1.52364	6.74333	3439.14	1998.08	26.3589	
0.5	0.566827	0.123108	9128.35	1.52364	6.74333	3439.14	1998.08	26.3589	
0.5	0.566827	0.123108	9128.35	1.52364	6.74333	3439.14	1998.08	26.3589	
0.641814	0.666766	0.110787	13552.9	1.40939	9.72085	2435.46	1562.83	27.0204	



#Generation 7 / 20
currentGen	7
evaluateCount	70
totalTime	44.775
firstFrontCount	1
frontCount	7
avgEvalTime	6.2886
#end
Var1	Var2	Var3	Var4	Var5	Var6	Var7	Var8	Obj1	
0.798818	0.560447	0.114047	13901.5	1.15198	9.72085	2435.46	1616.8	23.9759	
0.641814	0.877007	0.114047	13400.3	1.15198	9.72085	2435.46	1562.83	24.43	
0.641814	0.877007	0.114047	13400.3	1.15198	9.72085	2435.46	1562.83	24.43	
0.641814	0.877007	0.114047	13400.3	1.15198	9.72085	2435.46	1562.83	24.43	
0.641814	0.877007	0.114047	13400.3	1.15198	9.72085	2435.46	1562.83	24.43	
0.641814	0.877007	0.114047	15000	1.15198	9.72085	2435.46	1562.83	24.8927	
0.641814	0.877007	0.114047	13400.3	1.16146	9.72085	2000	1778.04	24.898	
0.641814	0.877007	0.15	12161.7	1.15198	9.72085	2660.5	1562.83	25.3024	
0.796904	0.877007	0.114047	13400.3	1.15198	9.72085	2000	1772.85	25.5082	
0.760448	0.9	0.110787	13400.3	1.40939	9.72085	2420.73	1562.83	25.8185	



